1024				7.59696960449				31.00
2048				8.73398780823				33.00
3072				9.43899154663				35.00
4096				9.29093360901				38.00
5120				11.1401081085				40.00
6144				9.75584983826				43.00
7168				10.3771686554				45.00
8192				10.8880996704				48.00
9216				13.4470462799				50.00
10240				11.7168426514				53.00
11264				11.4469528198				55.00
12288				12.4430656433				58.00
13312				14.5599842072				60.00
14336				12.5970840454				63.00
15360				13.6768817902				65.00
16384				13.6060714722				68.00
17408				13.7441158295				70.00
18432				14.2569541931				73.00
19456				14.4820213318				75.00
20480				15.6400203705				78.00
21504				15.1200294495				80.00
22528				15.8939361572				83.00
23552				16.340970993				85.00
24576				16.2200927734				88.00
25600				16.4041519165				90.00
26624				18.7361240387				92.00
27648				17.1699523926				95.00
28672				18.3069705963				97.00
29696				18.3138847351				100.00
30720				18.285036087				102.00
31744				23.4751701355				105.00
32768				19.6208953857				107.00
33792				19.3500518799				110.00
34816				19.9179649353				112.00
35840				21.0690498352				115.00
36864				20.7059383392				117.00
37888				22.8300094604				119.00
38912				21.4018821716				122.00
39936				21.61693573				    124.00
40960				24.3029594421				127.00
41984				25.2039432526				129.00
43008				23.1139659882				132.00
44032				23.9851474762				134.00
45056				25.0551700592				137.00
46080				23.6468315125				139.00
47104				23.6599445343				141.00
48128				26.134967804				144.00
49152				25.8209705353				146.00
50176				27.8680324554				149.00
51200				25.3582000732				151.00
52224				28.0940532684				154.00
53248				25.9289741516				156.00
54272				26.1998176575				158.00
55296				26.0100364685				161.00
56320				27.3191928864				163.00
57344				28.4111499786				166.00
58368				27.5459289551				168.00
59392				29.1831493378				171.00
60416				29.0288925171				173.00
61440				29.1659832001				175.00
62464				28.8779735565				178.00
63488				29.3371677399				180.00
64512				29.5178890228				183.00
65536				33.5781574249				185.00
66560				31.3789844513				187.00
67584				31.1880111694				190.00
68608				31.7029953003				192.00
69632				36.1089706421				195.00
70656				32.763004303				197.00
71680				32.1600437164				199.00
72704				32.3119163513				202.00
73728				33.586025238				204.00
74752				33.6599349976				207.00
75776				34.6608161926				209.00
76800				34.9550247192				211.00
77824				34.6670150757				214.00
78848				35.0060462952				216.00
79872				34.3890190125				219.00
80896				35.7799530029				221.00
81920				36.5350246429				223.00
82944				35.0339412689				226.00
83968				35.5980396271				228.00
84992				38.6250019073				231.00
86016				36.9091033936				233.00
87040				37.1389389038				236.00
88064				37.7740859985				238.00
89088				37.7609729767				240.00
90112				38.2709503174				243.00
91136				40.0280952454				245.00
92160				38.75207901				    248.00
93184				39.9599075317				250.00
94208				39.6978855133				252.00
95232				43.3239936829			  	255.00
96256				40.4291152954			  	257.00
97280				43.1020259857			  	260.00
98304				43.9538955688			  	262.00
99328				41.7540073395			  	264.00
100352				41.9268608093				267.00
101376				42.0799255371				269.00
102400				42.8140163422				272.00
103424				44.2950725555				274.00
104448				44.5520877838				276.00
105472				44.0099239349				279.00
106496				45.567035675				281.00
107520				49.9651432037				284.00
108544				45.5181598663				286.00
109568				49.7560501099				288.00
110592				46.1981296539				291.00
111616				47.7509498596				293.00
112640				50.1232147217				296.00
113664				53.8070201874				298.00
114688				48.9900112152				300.00
115712				46.571969986				303.00
116736				47.336101532				305.00
117760				50.1410961151				307.00
118784				47.9209423065				310.00
119808				48.0630397797				312.00
120832				48.2800006866				315.00
121856				49.1499900818				317.00
122880				49.4019985199				319.00
123904				49.9958992004				322.00
124928				49.7641563416				324.00
125952				50.3890514374				326.00
126976				49.7062206268				329.00
128000				51.5739917755				331.00
129024				51.2678623199				334.00
130048				51.4230728149				336.00
131072				66.3549900055				338.00
132096				52.7920722961				341.00
133120				53.1089305878				343.00
134144				53.6811351776				346.00
135168				55.6740760803				348.00
136192				53.4298419952				350.00
137216				53.5900592804				353.00
138240				54.8288822174				355.00
139264				54.4719696045				357.00
140288				54.5601844788				360.00
141312				55.5100440979				362.00
142336				56.941986084				365.00
143360				55.2589893341				367.00
144384				58.3951473236				369.00
145408				55.9101104736				372.00
146432				56.4858913422				374.00
147456				60.1000785828				377.00
148480				57.0819377899				379.00
149504				58.1719875336				381.00
150528				58.7201118469				384.00
151552				58.6779117584				386.00
152576				59.7071647644				389.00
153600				58.9640140533				391.00
154624				59.2200756073				393.00
155648				61.7661476135				396.00
156672				60.8420372009				398.00
157696				60.9138011932				400.00
158720				61.2750053406				403.00
159744				61.4931583405				405.00
160768				61.6879463196				408.00
161792				62.2379779816				410.00
162816				63.34400177				    412.00
163840				62.1719360352				415.00
164864				62.5491142273				417.00
165888				63.1120204926				419.00
166912				63.9390945435				422.00
167936				64.0189647675				424.00
168960				64.6891593933				427.00
169984				64.4779205322				429.00
171008				64.5980834961				431.00
172032				64.7020339966				434.00
173056				65.0689601898				436.00
174080				65.2420520782				439.00
175104				65.4220581055				441.00
176128				67.018032074				443.00
177152				66.801071167				446.00
178176				66.7860507965				448.00
179200				66.3521289825				450.00
180224				68.2189464569				453.00
181248				69.1699981689				455.00
182272				71.3021755219				458.00
183296				68.4678554535				460.00
184320				73.9958286285				462.00
185344				71.99883461				    465.00
186368				71.1650848389				469.00
187392				69.8480606079				471.00
188416				70.9939002991				473.00
189440				70.8858966827				476.00
190464				71.5389251709				478.00
191488				71.7811584473				480.00
192512				72.2777843475				483.00
193536				71.9571113586				485.00
194560				72.6511478424				488.00
195584				72.8149414062				490.00
196608				73.6260414124				492.00
197632				77.3928165436				495.00
198656				75.3791332245				497.00
199680				73.8918781281				500.00
200704				74.1341114044				502.00
201728				74.7079849243				504.00
202752				75.6108760834				507.00
203776				75.7079124451				509.00
204800				76.2579441071				512.00
205824				77.3241519928				514.00
206848				77.3599147797				516.00
207872				76.8871307373				519.00
208896				76.8249034882				521.00
209920				78.6979198456				523.00
210944				79.0798664093				526.00
211968				79.2400836945				528.00
212992				78.8688659668				531.00
214016				79.0369510651				533.00
215040				80.0740718842				535.00
216064				80.6691646576				538.00
217088				80.6839466095				540.00
218112				80.9860229492				542.00
219136				80.687046051				545.00
220160				80.8880329132				547.00
221184				81.98595047				    550.00
222208				81.6380977631				552.00
223232				83.781003952				554.00
224256				82.47590065				    557.00
225280				82.5409889221				559.00
226304				83.9388370514				561.00
227328				83.251953125				564.00
228352				83.8248729706				566.00
229376				84.5658779144				569.00
230400				84.6779346466				571.00
231424				87.1689319611				573.00
232448				85.5078697205				576.00
233472				85.2689743042				578.00
234496				87.0299339294				580.00
235520				85.942029953				583.00
236544				86.9500637054				585.00
237568				86.7500305176				588.00
238592				87.4059200287				590.00
239616				88.3281230927				592.00
240640				88.4981155396				595.00
241664				88.7610912323				597.00
242688				88.1989002228				599.00
243712				88.8688564301				602.00
244736				89.75481987				    604.00
245760				89.4739627838				607.00
246784				89.9560451508				609.00
247808				90.3141498566				611.00
248832				90.5520915985				614.00
249856				90.6419754028				616.00
250880				91.001033783				618.00
251904				91.6621685028				618.00
252928				94.7558879852				620.00
253952				96.0412025452				622.00
254976				93.1210517883				624.00
256000				93.7340259552				627.00
257024				92.1568870544				629.00
258048				93.8210487366				632.00
259072				94.4058895111				634.00
260096				94.5250988007				636.00
261120				95.1991081238				639.00
262144				94.9070453644				641.00
263168				95.7491397858				643.00
264192				95.6919193268				646.00
265216				95.2339172363				648.00
266240				96.3878631592				651.00
267264				96.6119766235				653.00
268288				97.7160930634				655.00
269312				97.3520278931				658.00
270336				97.4950790405				660.00
271360				98.6580848694				663.00
272384				97.4838733673				665.00
273408				98.3278751373				666.00
274432				99.2529392242				669.00
275456				98.7019538879				671.00
276480				99.47514534				    673.00
277504				99.643945694				676.00
278528				100.966930389				678.00
279552				100.62289238				680.00
280576				100.853919983				683.00
281600				100.747108459				685.00
282624				101.196050644				688.00
283648				101.66311264				690.00
284672				102.077007294				692.00
285696				102.66494751				695.00
286720				103.055953979				697.00
287744				103.205919266				699.00
288768				104.286193848				702.00
289792				103.951931				    704.00
290816				104.366064072				707.00
291840				104.942083359				709.00
292864				104.839086533				711.00
293888				105.286121368				714.00
294912				105.762004852				716.00
295936				106.436014175				719.00
296960				192.205190659				721.00
297984				143.455028534				723.00
299008				107.399940491				726.00
300032				107.870101929				728.00
